27  32  3
长沙大学  3
132  901  136  
国防科大  2
132  136  
百花园  2
132  136  
喻家冲  2
132  136  
九尾冲  2
132  136  
银盆岭大桥西  1
132  
中联重科  1
132  
长沙晚报  1
805  
南湖大市场北  1
805  
车站北路口  1
805  
蓉园小区  1
805  
竹园路口  1
805  
五里牌  1
805  
长沙火车站  2
136  805  
王家垅  1
136  
下大垅  1
136  
砚瓦池  1
136  
省博物馆  1
136  
烈士公园西门  1
136  
烈士公园南门  1
136  
省军区  1
136  
袁家岭  1
136  
省公安厅  1
136  
蓉园路口  1
136  
洪山桥  5
132  136  808  805  901  
德雅路口  3
132  136  805  
桃子湖路口  1
132  
0 0 0 0 0 0 0 0 0 0 0 0 0 0 0 0 0 0 0 0 0 0 0 0 840 0 0 
0 0 0 600 160 0 0 0 0 0 0 0 0 0 0 0 0 0 0 0 0 0 0 0 0 0 0 
0 0 0 1000 0 0 0 0 0 0 0 0 0 0 0 0 0 0 0 0 0 0 0 0 0 1400 0 
0 600 1000 0 0 0 0 0 0 0 0 0 0 0 0 0 0 0 0 0 0 0 0 0 0 0 0 
0 160 0 0 0 4400 0 0 0 0 0 0 0 0 2000 0 0 0 0 0 0 0 0 0 0 0 0 
0 0 0 0 4400 0 680 0 0 0 0 0 0 0 0 0 0 0 0 0 0 0 0 0 0 0 0 
0 0 0 0 0 680 0 0 0 0 0 0 0 0 0 0 0 0 0 0 0 0 0 0 0 0 0 
0 0 0 0 0 0 0 0 300 0 0 0 0 0 0 0 0 0 0 0 0 0 0 0 0 3500 0 
0 0 0 0 0 0 0 300 0 530 0 0 0 0 0 0 0 0 0 0 0 0 0 0 0 0 0 
0 0 0 0 0 0 0 0 530 0 340 0 0 0 0 0 0 0 0 0 0 0 0 0 0 0 0 
0 0 0 0 0 0 0 0 0 340 0 500 0 0 0 0 0 0 0 0 0 0 0 0 0 0 0 
0 0 0 0 0 0 0 0 0 0 500 0 570 0 0 0 0 0 0 0 0 0 0 0 0 0 0 
0 0 0 0 0 0 0 0 0 0 0 570 0 880 0 0 0 0 0 0 0 0 0 0 0 0 0 
0 0 0 0 0 0 0 0 0 0 0 0 880 0 0 0 0 0 0 0 0 0 0 840 0 0 0 
0 0 0 0 2000 0 0 0 0 0 0 0 0 0 0 335 0 0 0 0 0 0 0 0 0 0 0 
0 0 0 0 0 0 0 0 0 0 0 0 0 0 335 0 480 0 0 0 0 0 0 0 0 0 0 
0 0 0 0 0 0 0 0 0 0 0 0 0 0 0 480 0 200 0 0 0 0 0 0 0 0 0 
0 0 0 0 0 0 0 0 0 0 0 0 0 0 0 0 200 0 670 0 0 0 0 0 0 0 0 
0 0 0 0 0 0 0 0 0 0 0 0 0 0 0 0 0 670 0 420 0 0 0 0 0 0 0 
0 0 0 0 0 0 0 0 0 0 0 0 0 0 0 0 0 0 420 0 1100 0 0 0 0 0 0 
0 0 0 0 0 0 0 0 0 0 0 0 0 0 0 0 0 0 0 1100 0 930 0 0 0 0 0 
0 0 0 0 0 0 0 0 0 0 0 0 0 0 0 0 0 0 0 0 930 0 900 0 0 0 0 
0 0 0 0 0 0 0 0 0 0 0 0 0 0 0 0 0 0 0 0 0 900 0 700 0 0 0 
0 0 0 0 0 0 0 0 0 0 0 0 0 840 0 0 0 0 0 0 0 0 700 0 0 0 0 
840 0 0 0 0 0 0 0 0 0 0 0 0 0 0 0 0 0 0 0 0 0 0 0 0 4000 0 
0 0 1400 0 0 0 0 3500 0 0 0 0 0 0 0 0 0 0 0 0 0 0 0 0 4000 0 0 
0 0 0 0 0 0 0 0 0 0 0 0 0 0 0 0 0 0 0 0 0 0 0 0 0 0 0 
